Lat
70.3705
11.2833
7.0419
44.3667
69.4541
39.3558
22.2855
46.4856
24.1
44.0622
22.0752
62.456
16.9167
38.421
32.834
38.5167
77.484
39.05
27.1
48.0056
42.6001
70.6333
64.8945
26.5412
59.7035
59.0556
5.4112
36.4337
64.2539
52.7
46.4333
72.7868
3.0707
50.1
42.097
12.9058
64.7507
18.4167
53.8251
26.5921
34.7333
30.634
60.8156
19.7833
51.5
51.3223
71.9167
28.4058
63.5671
41.1415
9.4942
5.9485
10.5669
63.4427
62.2266
14.4
57.79
64.3833
40.2833
37.7333
37.1041
37.7528
44.5263
5.8933
55.7435
35.7333
73.5069
45.2333
66.0764
14.5094
63.8424
61.95
63.7256
63.1906
48.9975
24.1447
54.5163
68.0531
15.8833
21.4022
60.3964
52.9599
67.667
45.0205
60.5333
44.8333
47.8667
44.3
40.5982
39.7008
51.1808
28.3667
45.41
52.8459
33.7
45.1334
70.4692
52.6333
52.5249
54.3663
56.3444
19.1
69.7008
47.9547
14.35
56.45
39.446999999999996
36.9559
41.3712
46.7001
66.9395
7.7669
19.9333
43.2342
5.3302
47.6446
45.5834
68.0546
71.0357
68.75
38.8876
22.9167
63.2842
37.8
32.6667
4.1748
68.1214
3.1655
41.1231
40.8021
42.1167
1.4451
58.8053
65.6145
62.2743
4.2567
68.2191
58.3814
33.7333
20.3433
50.6996
36.2133
2.6708
62.3153
19.7297
37.5683
35.1333
54.4815
41.5284
38.9029
39.7432
13.1667
59.3833
67.45
36.2083
70.9457
22.6783
65.282
71.6872
35.5281
36.6177
34.6391
39.6133
39.1834
54.1502
66.0771
47.05
57.2169
47.1821
67.6333
43.0596
7.4167
34.7667
36.2081
50.6789
49.1447
68.005
71.2906
70.8578
66.1451
71.9667
60.1432
25.2088
14.8961
39.1672
65.5333
34.6667
48.2274
26.1842
44.6453
18.0384
35.4182
2.7717
51.6667
50.2334
69.3833
9.285
28.2167
20.4335
26.7667
11.6667
45.4094
4.1363
20.5169
33.7321
64.8378
1.1667
8.1222
51.1421
47.6666
14.9215
42.0373
0.6
39.2911
42.1584
70.2396
27.9769
4.9247
52.6292
28.017
37.2687
10.8885
10.6167
40.0311
59.4511
57.3064
32.65
47.8861
14.7419
31.3
39.6333
44.0787
62.55
6.4
35.3089
69.4865
49.2167
57.0531
0.1333
26.7693
52.3186
69.2167
4.375
52.8692
51.0333
43.3236
25.5198
30.4397
14.6333
22.2394
10.0667
31.4475
52.5093
36.6167
66.0
0.5333
70.0167
59.3733
42.2506
69.4058
30.4833
30.4383
47.8043
22.8909
43.7501
32.2504
20.1986
22.1461
43.3
25.3
47.4844
55.1001
43.6702
5.9667
45.5234
50.5881
27.3167
35.7327
20.0058
45.1667
30.2169
35.4333
66.8333
16.7833
15.7432
38.7153
2.4312
41.3888
21.3069
41.5875
78.2186
11.2408
39.4952
6.7533
24.9
5.2056
65.5833
17.9583
21.1167
13.2167
32.31
60.4078
18.3851
21.4612
10.9995
32.8333
51.55
60.7522
41.6704
32.7766
37.9407
40.4272
52.3333
36.4141
32.7153
47.4257
66.0449
35.5
24.0934
29.8458
5.1033
39.4735
43.6475
60.7167
14.7551
60.9167
60.4667
61.994
38.2019
62.5833
59.2353
24.6877
66.5
12.1791
44.5086
20.930999999999997
70.9963
48.9413
13.2
7.5264
40.1948
6.4788
5.3505
50.1667
49.5776
12.2167
8.0086
42.8
59.9747
9.538
50.226000000000006
54.8377
53.3668
20.5022
33.194
33.7456
13.9318
18.2164
45.0667
48.25
42.833
3.5167
31.6725
39.5833
21.4694
36.5449
15.1603
50.5667
54.4299
14.9215
37.0881
37.2711
17.0151
22.4167
43.65
18.4167
51.0736
37.9281
56.9064
39.2333
42.4252
43.3067
55.7233
29.5667
56.9514
52.0575
28.8184
36.3
14.2
6.7681
38.4774
55.3422
62.1764
66.3167
69.1989
51.2585
51.3237
26.25
