Lat
-46.1927
-53.15
-19.9842
-7.9386
-16.4833
-42.8794
-54.8
-33.8667
-43.3002
-2.6741
-33.5906
-34.5833
-9.8
-33.9258
-33.0153
-16.6542
-0.7393
-20.4081
-0.7193
-46.6
-30.7414
-21.2
-33.65
-45.8667
-34.5322
-14.2667
-22.6667
-13.8833
-38.0023
-23.1203
-21.3585
-8.1642
-46.1333
-22.9661
-34.4187
-24.8667
-20.3428
-5.0892
-23.6752
-0.6
-34.6534
-24.7911
-20.3297
-21.2078
-33.6971
-20.8968
-38.9516
-42.7826
-37.6167
-35.35
-38.5473
-19.9833
-34.0033
-41.8697
-4.0692
-31.6683
-13.7
-46.2817
-12.7761
-8.65
-2.8833
-15.7667
-1.2458
-35.1
-7.5667
-35.1667
-39.6333
-9.4333
-31.6333
-8.4192
-8.9266
-33.918
-14.0833
-17.7833
-3.8004
-20.7377
-10.6167
-9.0763
-15.7167
-37.8333
-38.2667
-30.1811
-7.1568
-42.7692
-16.9167
-10.4544
-8.4667
-3.432
-20.2333
-4.9667
-6.8844
-19.0595
-6.8
-20.5167
-4.7067
-15.1961
-18.1903
-1.8
-33.0117
-29.9533
-33.7333
-34.4833
-2.5744
-23.76
-28.7667
-1.8333
-3.6667
-25.0978
-20.4597
-35.3333
-14.4086
-10.0681
-11.7022
-5.1989
-44.7
-0.9131
-12.974
-28.8667
-2.9248
-8.145
-7.3817
-8.3791
-42.7167
-17.7333
-22.092
-11.5714
-23.4178
-8.8368
-3.1374
-25.2406
-12.1167
-2.4177
-20.7333
-26.7167
-32.25
-25.1667
-2.0833
-3.2175
-1.8283
-20.2208
-34.6177
-26.6481
-2.8856
-0.6136
-10.75
-11.3847
-14.9003
-8.4969
-38.6533
-9.7915
-20.0064
-22.9575
-23.3156
-14.4667
-20.2078
-20.7833
-20.1
-45.8742
-6.9811
-3.7481
-2.0226
-6.8367
-15.8064
-3.9839
-15.8631
-17.4961
-21.6924
-5.7
-23.2178
-15.4311
-28.5708
-28.24
-35.5667
-34.0527
-19.6667
